0   3.2138879e+00
1   5.3102654e+00
2   6.3649744e+00
3   9.4974331e+00
4   1.0875476e+01
5   1.3210397e+01
0   3.3409679e+00
1   4.0058352e+00
2   6.6546713e+00
3   8.0639138e+00
4   1.1076785e+01
5   1.3065770e+01
0   2.9189422e+00
1   5.3817846e+00
2   6.5849284e+00
3   9.2438303e+00
4   1.0998564e+01
5   1.3115455e+01
0   2.9290953e+00
1   5.5463536e+00
2   7.1117343e+00
3   9.4202784e+00
4   1.1786694e+01
5   1.3116243e+01
0   3.9713081e+00
1   5.6117101e+00
2   7.2823776e+00
3   9.4823396e+00
4   1.1626661e+01
5   1.3288650e+01
0   2.7085458e+00
1   4.8405491e+00
2   6.5989155e+00
3   9.0735202e+00
4   1.0337982e+01
5   1.3474391e+01
0   2.2839169e+00
1   5.6789500e+00
2   7.4802263e+00
3   8.9385882e+00
4   1.1742864e+01
5   1.2557011e+01
0   2.0043584e+00
1   4.6618060e+00
2   7.9387959e+00
3   8.5892869e+00
4   1.1905636e+01
5   1.2937360e+01
0   3.7047414e+00
1   4.8347316e+00
2   6.4837133e+00
3   8.8164757e+00
4   1.0255010e+01
5   1.2270408e+01
0   3.9327192e+00
1   4.2263181e+00
2   7.8821179e+00
3   9.2150968e+00
4   1.1708658e+01
5   1.3508779e+01
0   2.5037469e+00
1   4.4172035e+00
2   6.3493281e+00
3   9.1026624e+00
4   1.1490724e+01
5   1.2687310e+01
0   2.5770536e+00
1   5.7746406e+00
2   6.3662602e+00
3   8.0572800e+00
4   1.0713229e+01
5   1.2109124e+01
0   2.6142912e+00
1   4.7175873e+00
2   6.7709300e+00
3   8.5530871e+00
4   1.1306874e+01
5   1.2676566e+01
0   3.4904468e+00
1   5.0116156e+00
2   7.5112979e+00
3   9.9741601e+00
4   1.1828091e+01
5   1.3766308e+01
0   2.2445678e+00
1   5.7608105e+00
2   7.9926260e+00
3   8.1266857e+00
4   1.0975907e+01
5   1.3701284e+01
0   3.6354647e+00
1   5.4796542e+00
2   6.1184873e+00
3   9.9847928e+00
4   1.0582317e+01
5   1.3609211e+01
0   2.6721030e+00
1   5.1593702e+00
2   7.3838516e+00
3   9.0383632e+00
4   1.1216650e+01
5   1.2097080e+01
0   3.1474872e+00
1   5.8309414e+00
2   6.8146677e+00
3   9.9184172e+00
4   1.0384029e+01
5   1.2121542e+01
0   2.5949835e+00
1   5.8744753e+00
2   7.1331574e+00
3   8.1062814e+00
4   1.1848635e+01
5   1.2961249e+01
0   3.8725894e+00
1   4.0932033e+00
2   6.7220592e+00
3   9.8652154e+00
4   1.0219889e+01
5   1.3697966e+01
0   3.5664991e+00
1   5.8553537e+00
2   7.1776206e+00
3   9.6849864e+00
4   1.1840146e+01
5   1.3759937e+01
0   3.2941974e+00
1   4.5122495e+00
2   6.9193075e+00
3   8.6780490e+00
4   1.1550613e+01
5   1.2135958e+01
0   2.7751294e+00
1   4.6980999e+00
2   7.9668991e+00
3   9.5897971e+00
4   1.0616517e+01
5   1.2350928e+01
0   3.7113390e+00
1   5.2115006e+00
2   6.2254029e+00
3   8.8444964e+00
4   1.1317782e+01
5   1.2074038e+01
0   3.8057451e+00
1   5.1903714e+00
2   6.1672417e+00
3   8.5278043e+00
4   1.1055587e+01
5   1.2387131e+01
0   2.2257707e+00
1   4.6220859e+00
2   6.2424844e+00
3   9.4033914e+00
4   1.0307072e+01
5   1.2082631e+01
0   3.1633286e+00
1   5.6012697e+00
2   6.5948804e+00
3   8.0826360e+00
4   1.0279319e+01
5   1.2145493e+01
0   2.2185937e+00
1   5.0544481e+00
2   6.8435929e+00
3   8.1854927e+00
4   1.0644245e+01
5   1.3460110e+01
0   2.5364204e+00
1   4.3555842e+00
2   6.6716106e+00
3   8.7618233e+00
4   1.1200081e+01
5   1.3989393e+01
0   2.8358617e+00
1   5.0058257e+00
2   7.1797640e+00
3   9.0031034e+00
4   1.1533630e+01
5   1.2235351e+01
0   3.3902341e+00
1   5.7594007e+00
2   6.8574367e+00
3   9.6327185e+00
4   1.1162792e+01
5   1.3164509e+01
0   3.7153494e+00
1   4.3261207e+00
2   6.7657786e+00
3   8.3102298e+00
4   1.0408757e+01
5   1.3045097e+01
0   2.4557228e+00
1   4.6273504e+00
2   6.0995453e+00
3   9.2993158e+00
4   1.0812843e+01
5   1.2743790e+01
0   2.7594258e+00
1   5.3492635e+00
2   7.0993747e+00
3   9.4310364e+00
4   1.0111087e+01
5   1.2299455e+01
0   3.4204291e+00
1   4.9469485e+00
2   7.3052809e+00
3   8.6001931e+00
4   1.1950052e+01
5   1.2838911e+01
0   2.8355439e+00
1   5.3402859e+00
2   6.5983116e+00
3   9.6929806e+00
4   1.0973004e+01
5   1.3761104e+01
0   2.8574895e+00
1   4.6883538e+00
2   6.0872243e+00
3   9.6232681e+00
4   1.0998584e+01
5   1.2495981e+01
0   2.6683654e+00
1   5.4543064e+00
2   7.1233314e+00
3   8.7679107e+00
4   1.0753622e+01
5   1.3936175e+01
0   3.5117012e+00
1   5.5130480e+00
2   7.2854380e+00
3   8.6110758e+00
4   1.0944084e+01
5   1.3396525e+01
0   2.9105311e+00
1   4.3645134e+00
2   6.3434732e+00
3   8.2158120e+00
4   1.0964707e+01
5   1.2293525e+01
0   3.0547228e+00
1   5.8002504e+00
2   7.6338110e+00
3   9.6530344e+00
4   1.1493231e+01
5   1.2606815e+01
0   3.4141381e+00
1   4.3507205e+00
2   7.2951692e+00
3   9.5013625e+00
4   1.1973989e+01
5   1.2293753e+01
0   3.9973435e+00
1   4.6423540e+00
2   7.7480592e+00
3   9.1206749e+00
4   1.1410265e+01
5   1.2501681e+01
0   3.0568494e+00
1   4.9219659e+00
2   6.0147294e+00
3   8.3422874e+00
4   1.1533042e+01
5   1.2958814e+01
0   3.7388122e+00
1   4.4435728e+00
2   7.3233272e+00
3   8.0822854e+00
4   1.0659385e+01
5   1.2288034e+01
0   2.3758105e+00
1   5.7141076e+00
2   6.0882841e+00
3   8.0096215e+00
4   1.1367142e+01
5   1.3581515e+01
0   2.6164369e+00
1   4.7812801e+00
2   7.9322356e+00
3   9.9116061e+00
4   1.0282643e+01
5   1.3906224e+01
0   2.2053589e+00
1   4.2799861e+00
2   6.5485782e+00
3   9.9534181e+00
4   1.1400661e+01
5   1.3958843e+01
0   2.4550995e+00
1   4.4575104e+00
2   6.8808088e+00
3   8.4698289e+00
4   1.0799798e+01
5   1.2413850e+01
0   3.4286426e+00
1   4.5386100e+00
2   6.8574232e+00
3   8.7519698e+00
4   1.0620895e+01
5   1.3516808e+01
0   3.0400035e+00
1   4.9967059e+00
2   7.2309155e+00
3   9.1282877e+00
4   1.1006327e+01
5   1.2598057e+01
0   2.7098028e+00
1   5.6227642e+00
2   7.3793376e+00
3   8.6420384e+00
4   1.1534370e+01
5   1.3661980e+01
0   2.5482626e+00
1   5.7397292e+00
2   7.9419662e+00
3   9.0968409e+00
4   1.1693147e+01
5   1.3342627e+01
0   3.0556838e+00
1   4.1482468e+00
2   7.8001376e+00
3   9.9364926e+00
4   1.0618076e+01
5   1.2599935e+01
0   2.3503430e+00
1   4.0467183e+00
2   7.1385454e+00
3   9.2077663e+00
4   1.0798688e+01
5   1.3759441e+01
0   2.7245742e+00
1   5.8386917e+00
2   6.7561467e+00
3   9.9554897e+00
4   1.0966979e+01
5   1.3762474e+01
0   2.5535472e+00
1   5.6767821e+00
2   7.3852382e+00
3   9.9328848e+00
4   1.0318821e+01
5   1.2919609e+01
0   3.5948649e+00
1   4.8670832e+00
2   6.6593378e+00
3   9.5368311e+00
4   1.1963924e+01
5   1.2352485e+01
0   2.8794583e+00
1   5.0196079e+00
2   6.5007319e+00
3   8.6795959e+00
4   1.0956100e+01
5   1.3118808e+01
0   3.2795314e+00
1   5.3064435e+00
2   7.1655259e+00
3   8.4180768e+00
4   1.0514210e+01
5   1.3964214e+01
0   2.1775177e+00
1   5.2387840e+00
2   7.8029057e+00
3   8.9336644e+00
4   1.1194274e+01
5   1.2769885e+01
0   2.6961384e+00
1   5.7478209e+00
2   6.4466672e+00
3   8.0813766e+00
4   1.1680706e+01
5   1.2765488e+01
0   3.0009852e+00
1   5.2755705e+00
2   7.6325710e+00
3   9.6603229e+00
4   1.0812402e+01
5   1.3596495e+01
0   2.0128080e+00
1   5.6918600e+00
2   6.6161029e+00
3   8.5135399e+00
4   1.0371456e+01
5   1.3572203e+01
0   3.6323476e+00
1   5.6509874e+00
2   6.8786469e+00
3   8.7978735e+00
4   1.0069064e+01
5   1.3392857e+01
0   2.7620875e+00
1   4.2465819e+00
2   6.6316407e+00
3   8.5649932e+00
4   1.1180246e+01
5   1.3825914e+01
0   3.3348783e+00
1   5.8763846e+00
2   7.5737352e+00
3   9.7815454e+00
4   1.1957761e+01
5   1.3254441e+01
0   2.5470332e+00
1   4.9587464e+00
2   6.5300114e+00
3   8.1796041e+00
4   1.0619069e+01
5   1.3342413e+01
0   3.7760992e+00
1   4.6318773e+00
2   7.0342731e+00
3   8.3922021e+00
4   1.1145417e+01
5   1.3405729e+01
0   3.9644055e+00
1   4.7777648e+00
2   7.0567164e+00
3   8.8430525e+00
4   1.1575638e+01
5   1.3125781e+01
0   2.2359092e+00
1   4.3377259e+00
2   7.3723625e+00
3   8.8675499e+00
4   1.0902719e+01
5   1.2552609e+01
0   2.6934642e+00
1   4.2375974e+00
2   6.4289933e+00
3   8.2671995e+00
4   1.0019143e+01
5   1.2386755e+01
0   3.5216403e+00
1   4.5661760e+00
2   7.3455010e+00
3   8.0516517e+00
4   1.0745780e+01
5   1.3964570e+01
0   3.3940648e+00
1   4.5218793e+00
2   6.5964476e+00
3   8.4283379e+00
4   1.0914081e+01
5   1.3741865e+01
0   3.8340670e+00
1   4.8784870e+00
2   6.5196297e+00
3   8.8907835e+00
4   1.1721539e+01
5   1.2095268e+01
0   2.0165641e+00
1   5.9574486e+00
2   6.4329939e+00
3   9.3889266e+00
4   1.0824998e+01
5   1.3335713e+01
0   3.9415353e+00
1   5.5184627e+00
2   7.5733104e+00
3   8.3705286e+00
4   1.1785662e+01
5   1.3592453e+01
0   2.7572832e+00
1   5.3073025e+00
2   6.1586292e+00
3   8.1027841e+00
4   1.1358954e+01
5   1.2904409e+01
0   2.0673544e+00
1   4.7530191e+00
2   7.4262886e+00
3   8.6638020e+00
4   1.1181357e+01
5   1.2340370e+01
0   2.4056669e+00
1   5.0154240e+00
2   7.2188571e+00
3   8.9252967e+00
4   1.1906208e+01
5   1.2940397e+01
0   3.0205647e+00
1   5.9227716e+00
2   6.8978452e+00
3   9.4535586e+00
4   1.1311698e+01
5   1.3722844e+01
0   2.7892717e+00
1   5.2532335e+00
2   7.2413064e+00
3   8.3625820e+00
4   1.1623762e+01
5   1.3026969e+01
0   3.9550352e+00
1   4.3810452e+00
2   6.3342711e+00
3   8.1136644e+00
4   1.0483829e+01
5   1.3693225e+01
0   3.0180737e+00
1   4.5511838e+00
2   6.4462444e+00
3   8.4443623e+00
4   1.1214986e+01
5   1.3627601e+01
0   2.7847324e+00
1   5.6206528e+00
2   6.6430254e+00
3   8.0035895e+00
4   1.0545949e+01
5   1.2549233e+01
0   2.9439860e+00
1   5.5665141e+00
2   6.4720046e+00
3   9.8418311e+00
4   1.1020073e+01
5   1.3783703e+01
0   3.5646748e+00
1   5.8093444e+00
2   7.0369362e+00
3   8.8059812e+00
4   1.0171926e+01
5   1.2660698e+01
0   3.8329497e+00
1   4.1269617e+00
2   7.0417435e+00
3   8.1672208e+00
4   1.0240626e+01
5   1.3525573e+01
0   3.8604461e+00
1   5.2586998e+00
2   6.0767567e+00
3   8.3066905e+00
4   1.1703062e+01
5   1.3291743e+01
0   3.9342919e+00
1   4.4877946e+00
2   6.9123953e+00
3   8.5773174e+00
4   1.0491384e+01
5   1.3458345e+01
0   3.1265503e+00
1   5.4353700e+00
2   7.0248588e+00
3   9.5985549e+00
4   1.1277201e+01
5   1.2044932e+01
0   3.3822576e+00
1   4.8418760e+00
2   7.8542760e+00
3   8.4191938e+00
4   1.1647857e+01
5   1.2026202e+01
0   3.0798920e+00
1   5.4808069e+00
2   6.1531641e+00
3   8.1216355e+00
4   1.1648028e+01
5   1.2393790e+01
0   3.6472084e+00
1   5.5084738e+00
2   7.6524901e+00
3   9.7239651e+00
4   1.1815164e+01
5   1.3355552e+01
0   3.0157076e+00
1   5.7494563e+00
2   7.8433468e+00
3   9.9281029e+00
4   1.0326774e+01
5   1.2334731e+01
0   3.3864476e+00
1   5.4533239e+00
2   7.7701009e+00
3   8.4113064e+00
4   1.1051879e+01
5   1.3047302e+01
0   2.4562380e+00
1   4.4341364e+00
2   7.8891780e+00
3   8.3105140e+00
4   1.0853330e+01
5   1.3537035e+01
0   2.3367165e+00
1   5.9332222e+00
2   7.0178421e+00
3   8.4898806e+00
4   1.0054858e+01
5   1.2665870e+01
0   2.8836709e+00
1   5.7020661e+00
2   6.1743436e+00
3   8.5361609e+00
4   1.1426031e+01
5   1.3989508e+01
0   3.8917131e+00
1   4.4417388e+00
2   7.7389643e+00
3   9.7350599e+00
4   1.0369842e+01
5   1.2065738e+01
